This is the dataset that belongs to the experiment from the PAS course. 

Behavior (p = parallel behavior in simulation)
Behavior (s = sequential behavior in simulation)
Behavior (fs = sequential behavior in physical world)
Behavior (fp = parallel behavior in physical world)

time (time in seconds until behavior is finished)
dist (distance in meters)
angle (the angle with which the NAO's head was rotated see the ball)

Violated behavior (reaction time is set to NA in this case): 

lostball (1 if the ball was lost for longer than 15 seconds, 0 otherwise))
overball (1 if the NAO unintentionally collides with the ball, 0 otherwise)
fall (1 if the NAO fell during the behavior, otherwise 0)

trial	behavior	time	dist	angle	lostball	overball	fall
1	p	27.18	0.75	0	0	0	0
2	p	21.63	0.75	0	0	0	0
3	p	13.43	0.75	0	0	0	0
4	p	20.03	0.75	0	0	0	0
5	p	23.3	0.75	0	0	0	0
6	p	19.58	0.75	0	0	0	0
7	p	21.15	0.75	0	0	0	0
8	p	14.11	0.75	0	0	0	0
9	p	na	0.75	0	0	1	0
10	p	22.07	0.75	0	0	0	0
11	p	34.02	0.75	-40	0	0	0
12	p	29.35	0.75	-40	0	0	0
13	p	42.6	0.75	-40	0	0	0
14	p	32.76	0.75	-40	0	0	0
15	p	32.62	0.75	-40	0	0	0
16	p	28.24	0.75	-40	0	0	0
17	p	30.36	0.75	-40	0	0	0
18	p	27.72	0.75	-40	0	0	0
19	p	27.17	0.75	-40	0	0	0
20	p	22.17	0.75	-40	0	0	0
21	p	24.67	1.2	0	0	0	0
22	p	31.23	1.2	0	0	0	0
23	p	31.9	1.2	0	0	0	0
24	p	34.51	1.2	0	0	0	0
25	p	28.8	1.2	0	0	0	0
26	p	28.27	1.2	0	0	0	0
27	p	30.73	1.2	0	0	0	0
28	p	27.41	1.2	0	0	0	0
29	p	33.04	1.2	0	0	0	0
30	p	24.65	1.2	0	0	0	0
31	p	41.39	1.2	-40	0	0	0
32	p	35.27	1.2	-40	0	0	0
33	p	43.3	1.2	-40	0	0	0
34	p	33.15	1.2	-40	0	0	0
35	p	36.44	1.2	-40	0	0	0
36	p	50.09	1.2	-40	0	0	0
37	p	34.58	1.2	-40	0	0	0
38	p	41.26	1.2	-40	0	0	0
39	p	35.09	1.2	-40	0	0	0
40	p	39.79	1.2	-40	0	0	0
41	s	68.58	0.75	0	0	0	0
42	s	72.56	0.75	0	0	0	0
43	s	68.42	0.75	0	0	0	0
44	s	68.39	0.75	0	0	0	0
45	s	86.98	0.75	0	0	0	0
46	s	72	0.75	0	0	0	0
47	s	67.28	0.75	0	0	0	0
48	s	76.09	0.75	0	0	0	0
49	s	73.33	0.75	0	0	0	0
50	s	68.34	0.75	0	0	0	0
51	s	101.56	0.75	-40	0	0	0
52	s	103.44	0.75	-40	1	0	0
53	s	107.74	0.75	-40	1	0	0
54	s	106.34	0.75	-40	1	0	0
55	s	102.89	0.75	-40	1	0	0
56	s	92.37	0.75	-40	1	0	0
57	s	104.05	0.75	-40	1	0	0
58	s	88.28	0.75	-40	0	0	0
59	s	98.69	0.75	-40	1	0	0
60	s	103.47	0.75	-40	1	0	0
61	s	107.01	1.2	0	0	0	0
62	s	91.5	1.2	0	0	0	0
63	s	94.23	1.2	0	0	0	0
64	s	87.67	1.2	0	0	0	0
65	s	87.52	1.2	0	0	0	0
66	s	92.85	1.2	0	0	0	0
67	s	86.66	1.2	0	0	0	0
68	s	98.48	1.2	0	0	0	0
69	s	91.56	1.2	0	0	0	0
70	s	95.68	1.2	0	0	0	0
71	s	111.03	1.2	-40	0	0	0
72	s	125.93	1.2	-40	1	0	0
73	s	128.85	1.2	-40	1	0	0
74	s	122.13	1.2	-40	1	0	0
75	s	112.32	1.2	-40	1	0	0
76	s	122.56	1.2	-40	1	0	0
77	s	115.01	1.2	-40	1	0	0
78	s	131.2	1.2	-40	1	0	0
79	s	117.16	1.2	-40	1	0	0
80	s	124.62	1.2	-40	1	0	0
81	fs	111.19	0.75	0	0	0	0
82	fs	57.58	0.75	0	0	0	0
83	fs	82.85	0.75	0	0	0	0
84	fs	70.56	0.75	0	0	0	0
85	fs	94.61	0.75	0	0	0	0
86	fs	94.91	0.75	0	0	0	0
87	fs	80.14	0.75	0	0	0	0
88	fs	71.57	0.75	0	0	0	0
89	fs	76.12	0.75	0	0	0	0
90	fs	122.9	0.75	0	0	0	0
91	fs	145.35	0.75	-40	1	0	0
92	fs	126.54	0.75	-40	1	0	0
93	fs	90.08	0.75	-40	0	0	0
94	fs	177.8	0.75	-40	0	0	0
95	fs	133.32	0.75	-40	0	0	0
96	fs	na	0.75	-40	1	0	0
97	fs	101.09	0.75	-40	0	0	0
98	fs	122.39	0.75	-40	0	0	0
99	fs	73.96	0.75	-40	1	0	0
100	fs	73.21	0.75	-40	0	0	0
101	fs	150.4	1.2	0	0	0	0
102	fs	181.25	1.2	0	0	0	0
103	fs	140.76	1.2	0	0	0	0
104	fs	138.55	1.2	0	0	0	0
105	fs	121.41	1.2	0	0	0	0
106	fs	128.47	1.2	0	0	0	0
107	fs	189.96	1.2	0	0	0	0
108	fs	107.52	1.2	0	0	0	0
109	fs	204.25	1.2	0	0	0	0
110	fs	212.82	1.2	0	0	0	0
111	fs	130.72	1.2	-40	1	0	0
112	fs	na	1.2	-40	1	0	0
113	fs	160.04	1.2	-40	0	0	0
114	fs	na	1.2	-40	1	0	0
115	fs	130.69	1.2	-40	0	0	0
116	fs	124.23	1.2	-40	1	0	0
117	fs	123.36	1.2	-40	0	0	0
118	fs	na	1.2	-40	1	0	0
119	fs	188.28	1.2	-40	0	0	0
120	fs	119.47	1.2	-40	0	0	0
121	fp	na	0.75	0	0	1	0
122	fp	50.87	0.75	0	0	0	0
123	fp	19.72	0.75	0	0	0	0
124	fp	na	0.75	0	0	1	0
125	fp	na	0.75	0	0	0	1
126	fp	na	0.75	0	1	0	0
127	fp	39.4	0.75	0	0	0	0
128	fp	na	0.75	0	0	0	1
129	fp	na	0.75	1	0	0	0
130	fp	151.13	0.75	0	0	0	0
131	fp	na	0.75	-40	0	0	1
132	fp	na	0.75	-40	0	1	0
133	fp	na	0.75	-40	0	1	0
134	fp	na	0.75	-40	0	1	0
135	fp	40.76	0.75	-40	0	0	0
136	fp	na	0.75	-40	0	1	0
137	fp	na	0.75	-40	0	0	1
138	fp	50.3	0.75	-40	0	0	0
139	fp	82.41	0.75	-40	0	0	0
140	fp	57.88	0.75	-40	0	0	0
141	fp	72.65	1.2	0	0	0	0
142	fp	69.43	1.2	0	0	0	0
143	fp	35.35	1.2	0	0	0	0
144	fp	64.44	1.2	0	0	0	0
145	fp	na	1.2	0	0	0	1
146	fp	79.34	1.2	0	0	0	0
147	fp	78.39	1.2	0	0	0	0
148	fp	na	1.2	0	0	0	1
149	fp	na	1.2	0	0	1	0
150	fp	128.15	1.2	0	0	0	0
151	fp	81.98	1.2	-40	0	0	0
152	fp	111.09	1.2	-40	0	0	0
153	fp	61.64	1.2	-40	0	0	0
154	fp	71.41	1.2	-40	0	0	0
155	fp	na	1.2	-40	0	1	0
156	fp	77.75	1.2	-40	0	0	0
157	fp	146.52	1.2	-40	0	0	0
158	fp	111.77	1.2	-40	0	0	0
159	fp	119.72	1.2	-40	0	0	0
160	fp	na	1.2	-40	0	1	0
